MeshVersionFormatted 0

Dimension
2

Identifier
"G=meshgeninput.msh;1, Date: 04/09/10 20:46 20s"

Geometry
"meshgeninput.msh"

Vertices
80
1 1 1
6 1.015625 1
5.997591 2.098135 2
3.859375 4 1
1.046875 4 1
1 3.8125 1
1.50003903452 1 1
2.00007806905 1 1
2.50011710357 1 1
3.00015615264 1 1
3.5001951959 1 1
4.00023423042 1 1
4.50027326494 1 1
5.00031230529 1 1
5.50036386767 0.99887182946 1
6 1.55689000618 1
5.9019465864 2.61854355448 2
5.67316860615 3.09567069185 2
5.3272687668 3.49610996173 2
4.88845994071 3.79182263016 2
4.38746608014 3.9621070201 2
3.390625 4 1
2.921875 4 1
2.453125 4 1
1.984375 4 1
1.515625 4 1
1 3.34375 1
1 2.875 1
1 2.40625 1
1 1.9375 1
1 1.46875 1
3.44541009301 2.49999999857 0
2.97406243507 1.99999999857 0
2.08984374892 3.60156249913 0
4.69436660124 2.3959113102 0
4.96943139724 1.83826827426 0
4.6656723641 1.49922199171 0
4.59238469912 2.86121508416 0
3.97675768866 1.49999999857 0
1.37502927252 2.05468749769 0
3.90632807338 2.99999999857 0
3.32554685425 3.49999999857 0
2.49228508421 1.49999999857 0
5.3327385323 1.36604499941 0
1.33335935192 1.62499999729 0
2.46878903333 2.99999999857 0
2.85158201642 3.49999999857 0
3.42714839678 2.99999999857 0
2.9610155725 2.49999999857 0
3.56005849299 1.49999999857 0
5.20401046561 2.25740241466 0
3.0652342898 1.49999999857 0
1.36328124964 2.80468749513 0
4.8237621566 3.32651885812 0
1.65624999712 3.62499999729 0
3.92980461352 2.49999999857 0
2.12508782267 1.35156249657 0
4.32292743593 3.46842251525 0
3.79951169719 3.49999999857 0
2.47662104687 2.49999999857 0
4.12931151165 1.98736900319 0
2.94796871505 2.99999999857 0
3.61992179404 1.99999999857 0
5.43858953397 2.67653654994 0
1.72656249672 3.20312499969 0
1.75005854759 1.70312499969 0
5.45112944506 1.80927177684 0
2.48445306554 1.99999999857 0
1.66671871153 1.31249999793 0
2.46095701466 3.49999999857 0
5.16186966459 2.99688796602 0
1.36915525852 2.42968749385 0
1.9199511457 2.65234374685 0
4.92811813036 2.69639963299 0
2.09767576246 3.10156249913 0
2.11725580401 1.85156249145 0
4.2610946512 2.68060753368 0
1.92582515457 2.27734374557 0
4.54937145188 1.91281863616 0
5.60080072875 2.17776870275 0

Edges
31
1 7 1
7 8 1
8 9 1
9 10 1
10 11 1
11 12 1
12 13 1
13 14 1
14 15 1
15 2 1
2 16 1
16 3 1
3 17 2
17 18 2
18 19 2
19 20 2
20 21 2
21 4 2
4 22 1
22 23 1
23 24 1
24 25 1
25 26 1
26 5 1
5 6 1
6 27 1
27 28 1
28 29 1
29 30 1
30 31 1
31 1 1

CrackedEdges
0

Triangles
127
37 39 13 1
14 37 13 1
79 35 61 1
2 16 15 1
44 36 37 1
16 44 15 1
16 3 67 1
64 80 17 1
64 17 18 1
19 71 18 1
51 80 64 1
36 51 35 1
36 44 67 1
67 44 16 1
80 67 3 1
17 80 3 1
51 67 80 1
51 36 67 1
79 39 37 1
77 61 35 1
56 32 63 1
14 15 44 1
71 54 38 1
18 71 64 1
19 54 71 1
74 38 35 1
20 54 19 1
20 21 58 1
58 41 38 1
20 58 54 1
21 4 58 1
74 35 51 1
64 74 51 1
71 38 74 1
79 37 36 1
35 79 36 1
61 39 79 1
33 52 63 1
12 13 39 1
37 14 44 1
64 71 74 1
59 42 48 1
4 59 58 1
4 22 59 1
41 56 77 1
42 59 22 1
56 41 32 1
63 61 56 1
33 63 32 1
50 39 63 1
77 38 41 1
61 77 56 1
35 38 77 1
38 54 58 1
26 5 6 1
6 27 55 1
55 26 6 1
53 65 27 1
34 25 55 1
28 53 27 1
55 25 26 1
76 78 66 1
29 72 53 1
29 40 72 1
62 46 60 1
42 62 48 1
47 46 62 1
65 53 73 1
55 65 34 1
55 27 65 1
49 32 48 1
60 49 62 1
33 32 49 1
53 28 29 1
73 53 72 1
40 78 72 1
60 46 73 1
75 34 65 1
1 7 31 1
45 31 7 1
8 57 69 1
40 30 45 1
57 8 9 1
76 66 57 1
43 76 57 1
68 60 78 1
69 7 8 1
66 69 57 1
66 45 69 1
69 45 7 1
43 57 9 1
10 43 9 1
68 49 60 1
10 52 43 1
47 42 23 1
24 47 23 1
62 49 48 1
68 43 33 1
49 68 33 1
60 73 78 1
75 73 46 1
70 75 46 1
65 73 75 1
68 76 43 1
78 40 66 1
68 78 76 1
73 72 78 1
40 45 66 1
30 40 29 1
30 31 45 1
34 24 25 1
11 50 52 1
70 46 47 1
24 70 47 1
34 75 70 1
39 50 12 1
48 32 41 1
59 48 41 1
42 47 62 1
58 59 41 1
70 24 34 1
50 11 12 1
61 63 39 1
52 10 11 1
63 52 50 1
33 43 52 1
42 22 23 1

SubDomainFromMesh
1
3 1 1 1

VertexOnGeometricVertex
6
 1 1
 2 14
 3 27
 4 40
 5 52
 6 53

VertexOnGeometricEdge
25
 7 2 0.280099937578
 8 3 0.560199875156
 9 4 0.840299812734
 10 6 0.120399750312
 11 7 0.40049968789
 12 8 0.680599625468
 13 9 0.960699563046
 14 11 0.240799500624
 15 12 0.520899438202
 16 20 0.928192054742
 17 29 0.162243193696
 18 31 0.324486001699
 19 33 0.486727460918
 20 35 0.648971084928
 21 37 0.81121470964
 22 41 1
 23 43 1
 24 45 1
 25 47 1
 26 49 1
 27 54 1
 28 56 1
 29 58 1
 30 60 1
 31 62 1

EdgeOnGeometricEdge
31
1 2
2 3
3 4
4 6
5 7
6 8
7 9
8 11
9 12
10 13
11 20
12 26
13 29
14 31
15 33
16 35
17 37
18 39
19 41
20 43
21 45
22 47
23 49
24 51
25 52
26 54
27 56
28 58
29 60
30 62
31 64

End
EdgeDomainNames
2
bndpart1
bndpart2
